MT0034991842.mp3
MT0003903675.mp3
MT0034403951.mp3
MT0000441552.mp3
MT0031996897.mp3
MT0013101577.mp3
MT0012658636.mp3
MT0007812490.mp3
MT0000992846.mp3
MT0013418800.mp3
MT0026753827.mp3
MT0007147603.mp3
MT0028213435.mp3
MT0018024152.mp3
MT0002222957.mp3
MT0034988131.mp3
MT0011957429.mp3
MT0008222676.mp3
MT0018031959.mp3
MT0008084656.mp3
MT0005713768.mp3
