MT0005523766.mp3
MT0012396528.mp3
MT0008575372.mp3
MT0005625762.mp3
MT0030487841.mp3
MT0010203716.mp3
MT0012041920.mp3
MT0005213723.mp3
MT0002297016.mp3
MT0002698706.mp3
MT0005003824.mp3
MT0005713768.mp3
MT0004428604.mp3
MT0004896738.mp3
MT0000203272.mp3
MT0005674518.mp3
MT0004807446.mp3
MT0006553914.mp3
MT0034555338.mp3
MT0034988131.mp3
MT0008972801.mp3
